0 239
1 239
2 239
3 239
4 239
5 239
6 239
7 239
8 239
9 239
10 239
11 239
12 239
13 239
14 239
15 239
16 239
17 239
18 239
19 239
20 239
21 239
22 239
23 239
24 239
25 239
26 239
27 239
28 239
29 239
30 239
31 239
32 239
33 239
34 239
35 239
36 239
37 239
38 239
39 239
40 239
41 239
42 239
43 239
44 239
45 239
46 239
47 239
48 239
49 239
50 239
51 239
52 239
53 239
54 239
55 239
56 239
57 239
58 239
59 239
60 239
61 239
62 239
63 239
64 239
65 239
66 239
67 239
68 239
69 239
70 239
71 239
72 239
73 239
74 239
75 239
76 239
77 239
78 239
79 239
80 239
81 239
82 239
83 239
84 240
85 240
86 240
87 240
88 239
89 239
90 239
91 239
92 240
93 240
94 240
95 240
96 240
97 231
98 236
99 235
100 189
101 76
102 61
103 75
104 75
105 75
106 75
107 75
108 78
109 80
110 81
111 83
112 82
113 81
114 81
115 81
116 81
117 81
118 80
119 80
120 81
121 84
122 84
123 83
124 83
125 82
126 82
127 83
128 82
129 83
130 83
131 85
132 84
133 84
134 85
135 84
136 85
137 86
138 86
139 87
140 85
141 85
142 85
143 85
144 86
145 86
146 86
147 83
148 83
149 84
150 84
151 84
152 85
153 84
154 85
155 84
156 83
157 83
158 83
159 83
160 82
161 82
162 81
163 81
164 81
165 82
166 84
167 83
168 80
169 81
170 82
171 83
172 85
173 86
174 86
175 83
176 81
177 81
178 82
179 82
180 81
181 82
182 83
183 85
184 88
185 86
186 85
187 84
188 83
189 82
190 82
191 82
192 83
193 82
194 83
195 83
196 82
197 83
198 82
199 82
200 83
201 83
202 82
203 81
204 85
205 87
206 87
207 84
208 83
209 83
210 85
211 84
212 83
213 82
214 83
215 83
216 84
217 85
218 85
219 83
220 83
221 82
222 82
223 82
224 81
225 81
226 81
227 81
228 81
229 81
230 81
231 83
232 84
233 82
234 83
235 83
236 86
237 88
238 86
239 86
240 85
241 83
242 84
243 83
244 86
245 88
246 88
247 94
248 103
249 112
250 109
251 94
252 92
253 91
254 91
255 90
256 88
257 88
258 88
259 87
260 90
261 89
262 89
263 88
264 88
265 89
266 89
267 88
268 88
269 88
270 88
271 88
272 90
273 91
274 92
275 92
276 92
277 92
278 91
279 91
280 90
281 89
282 90
283 88
284 89
285 88
286 90
287 91
288 91
289 90
290 89
291 87
292 89
293 90
294 89
295 92
296 92
297 89
298 89
299 88
300 90
301 89
302 89
303 89
304 90
305 89
306 89
307 87
308 86
309 86
310 87
311 88
312 86
313 87
314 85
315 85
316 87
317 85
318 84
319 83
